Date    	Days	documents * accesses	documents * bytes	documents * visits	documents / accesses	documents / bytes	documents / visits
1/26/2003	7	                3.00	              293.00	                3.00	                3.00	              293.00	                3.00
2/2/2003	7	                6.00	             1403.00	                6.00	                3.00	              586.00	                3.00
2/9/2003	7	                7.00	             1403.00	                7.00	                4.00	              586.00	                4.00
2/16/2003	7	                4.00	             1172.00	                4.00	                2.00	              586.00	                2.00
2/23/2003	7	               30.00	           260213.00	               12.00	                8.00	            22636.00	                7.00
3/2/2003	7	              151.00	          1250178.00	               56.00	               34.00	            95257.00	               27.00
3/9/2003	7	              148.00	          2177712.00	               32.00	               21.00	            56673.00	               16.00
3/16/2003	7	               52.00	           455466.00	               19.00	               14.00	            43165.00	               10.00
3/23/2003	7	              106.00	          1753819.00	               23.00	               20.00	            57132.00	               13.00
3/30/2003	7	              270.00	           230290.00	               24.00	               18.00	            30826.00	               10.00
4/6/2003	7	               78.00	          1185192.00	               16.00	               14.00	            31185.00	               11.00
4/13/2003	7	               66.00	           601104.00	               30.00	               21.00	            35281.00	               16.00
4/20/2003	7	              550.00	          9227415.00	               60.00	               50.00	           178200.00	               33.00
4/27/2003	7	              418.00	         11891357.00	               62.00	               44.00	           124740.00	               38.00
5/4/2003	7	              934.00	         17310148.00	              225.00	              115.00	           347131.00	               83.00
5/11/2003	7	             1239.00	         22730006.00	              238.00	              190.00	           503681.00	              147.00
5/18/2003	7	              661.00	         11934410.00	              141.00	               86.00	           177841.00	               79.00
5/25/2003	7	              807.00	         11954608.00	              278.00	              113.00	           232192.00	               99.00
6/1/2003	7	              749.00	         10280701.00	              261.00	              203.00	           338639.00	              163.00
6/8/2003	7	              438.00	          5780784.00	              170.00	              149.00	           209385.00	              136.00
6/15/2003	7	              636.00	          9126824.00	              182.00	              130.00	           271396.00	              107.00
6/22/2003	7	              204.00	          2582671.00	              123.00	               83.00	           205462.00	               74.00
6/29/2003	7	              138.00	          1584784.00	               89.00	               66.00	           129368.00	               62.00
7/6/2003	7	              548.00	          8516341.00	              159.00	              105.00	           223548.00	               89.00
7/13/2003	7	              918.00	         14740134.00	              232.00	              167.00	           289482.00	              145.00
7/20/2003	7	              522.00	          7378843.00	              218.00	              124.00	           231660.00	              107.00
7/27/2003	7	              294.00	          4107636.00	              107.00	               74.00	           169463.00	               69.00
8/3/2003	7	              715.00	         14244348.00	              186.00	              103.00	           307927.00	               95.00
8/10/2003	7	              823.00	         16817043.00	              255.00	               95.00	           258031.00	               84.00
8/17/2003	7	              678.00	         11715234.00	              114.00	               83.00	           236647.00	               69.00
8/24/2003	7	              581.00	          8846663.00	              130.00	               96.00	           200116.00	               81.00
8/31/2003	7	              627.00	         10088748.00	              171.00	              130.00	           343035.00	              118.00
9/7/2003	7	             1082.00	         19963083.00	              296.00	              174.00	           410007.00	              157.00
9/14/2003	7	             1474.00	         21243177.00	              451.00	              226.00	           393104.00	              189.00
9/21/2003	7	              619.00	          5580471.00	              236.00	              105.00	           202281.00	               94.00
9/28/2003	7	             1503.00	         22164052.00	              433.00	              199.00	           557048.00	              171.00
10/5/2003	7	              452.00	          5397502.00	              179.00	               85.00	           169185.00	               76.00
10/12/2003	7	              462.00	          7172036.00	              157.00	               75.00	           182562.00	               69.00
10/19/2003	7	              387.00	          4649694.00	              181.00	               73.00	           164383.00	               62.00
10/26/2003	7	              279.00	          4338869.00	               89.00	               63.00	           159795.00	               54.00
11/2/2003	7	              752.00	         10851121.00	              259.00	              115.00	           306544.00	               96.00
11/9/2003	7	              232.00	          3687914.00	               99.00	               41.00	           114687.00	               36.00
11/16/2003	7	              223.00	          2391960.00	               96.00	               46.00	           145632.00	               44.00
11/23/2003	7	              127.00	          1048090.00	               70.00	               43.00	            83528.00	               38.00
11/30/2003	7	              518.00	          5546618.00	              198.00	               90.00	           234732.00	               78.00
12/7/2003	7	              168.00	          1805072.00	               80.00	               56.00	           136722.00	               51.00
12/14/2003	7	              229.00	          3740330.00	               73.00	               50.00	           127812.00	               46.00
12/21/2003	7	               93.00	           891657.00	               67.00	               39.00	           105803.00	               39.00
12/28/2003	7	              242.00	          2663873.00	              104.00	               56.00	           158997.00	               53.00
1/4/2004	7	              404.00	          4631424.00	              149.00	               84.00	           238070.00	               71.00
1/11/2004	7	              107.00	          1128701.00	               71.00	               39.00	           123357.00	               37.00
1/18/2004	7	              193.00	          3740684.00	              133.00	               33.00	            96627.00	               33.00
1/25/2004	7	              159.00	          1880360.00	              102.00	               32.00	           105537.00	               29.00
2/1/2004	7	              156.00	          2230092.00	               61.00	               34.00	            97159.00	               32.00
2/8/2004	7	              106.00	          1051161.00	               71.00	               43.00	           150087.00	               40.00
2/15/2004	7	              145.00	          1095140.00	              102.00	               80.00	           288458.00	               79.00
2/22/2004	7	              213.00	          3090053.00	              103.00	               76.00	           301557.00	               76.00
2/29/2004	7	              803.00	         11994243.00	              213.00	              137.00	           512857.00	              124.00
3/7/2004	7	              218.00	          2176941.00	              145.00	              104.00	           430752.00	               99.00
3/14/2004	7	              380.00	          5850832.00	              152.00	               99.00	           399567.00	               95.00
3/21/2004	7	              518.00	          8294022.00	              254.00	              123.00	           471113.00	              114.00
3/28/2004	7	              262.00	          3410054.00	              163.00	              104.00	           395112.00	              103.00
4/4/2004	7	              223.00	          2369174.00	              170.00	              110.00	           399833.00	              108.00
4/11/2004	7	              271.00	          3481742.00	              152.00	              112.00	           431284.00	              107.00
4/18/2004	7	              219.00	          2554465.00	              129.00	              108.00	           399567.00	              105.00
4/25/2004	7	              164.00	           919521.00	              135.00	              106.00	           421842.00	              103.00
5/2/2004	7	              113.00	           903818.00	               95.00	               74.00	           274827.00	               74.00
5/9/2004	7	              107.00	           806221.00	               92.00	               77.00	           306012.00	               75.00
5/16/2004	7	              175.00	          2078804.00	              103.00	               79.00	           319377.00	               76.00
5/23/2004	7	              187.00	          2710138.00	               81.00	               63.00	           248097.00	               60.00
5/30/2004	7	              293.00	          3740296.00	              100.00	               61.00	           199092.00	               55.00
6/6/2004	7	               76.00	           619659.00	               50.00	               25.00	            74352.00	               24.00
6/13/2004	7	              240.00	          4537687.00	               60.00	               34.00	            83262.00	               31.00
6/20/2004	7	              150.00	          2366856.00	               53.00	               32.00	            52077.00	               30.00
6/27/2004	7	               65.00	           715151.00	               56.00	               25.00	            69897.00	               25.00
7/4/2004	7	              245.00	          3051426.00	               88.00	               39.00	           127812.00	               33.00
7/11/2004	7	              130.00	          1097489.00	               56.00	               26.00	            78807.00	               23.00
7/18/2004	7	               30.00	           235049.00	               19.00	               16.00	            65442.00	               15.00
7/25/2004	7	              126.00	          1993153.00	               59.00	               27.00	            78807.00	               25.00
8/1/2004	7	              118.00	          1636401.00	               52.00	               22.00	            69897.00	               19.00
8/8/2004	7	              121.00	          1271692.00	               62.00	               21.00	            65442.00	               18.00
8/15/2004	7	               40.00	           559498.00	               35.00	                9.00	            11982.00	                9.00
8/22/2004	7	              113.00	          1959894.00	               83.00	               16.00	            43167.00	               14.00
8/29/2004	7	              130.00	          1626687.00	               50.00	               33.00	           109992.00	               30.00
9/5/2004	7	               96.00	          1159534.00	               49.00	               17.00	            43167.00	               17.00
9/12/2004	7	              559.00	          7954071.00	               54.00	               27.00	            69897.00	               19.00
9/19/2004	7	              262.00	          4162180.00	               53.00	               23.00	            74352.00	               22.00
9/26/2004	7	              217.00	          3664815.00	               57.00	               29.00	            83262.00	               24.00
10/3/2004	7	              603.00	          9667242.00	               80.00	               97.00	           359472.00	               38.00
10/10/2004	7	              221.00	          2969393.00	               79.00	               34.00	           105537.00	               32.00
10/17/2004	7	              215.00	          3505226.00	               57.00	               27.00	            60987.00	               23.00
10/24/2004	7	              175.00	          1879876.00	               82.00	               25.00	            96627.00	               22.00
10/31/2004	7	              262.00	          4859395.00	               85.00	               42.00	           150087.00	               39.00
11/7/2004	7	               84.00	           732522.00	               47.00	               23.00	            69897.00	               21.00
11/14/2004	7	              179.00	          3160052.00	               67.00	               28.00	           105537.00	               26.00
11/21/2004	7	              164.00	          2124904.00	               72.00	               24.00	            78807.00	               23.00
11/28/2004	7	              280.00	          5065853.00	              139.00	               31.00	            96627.00	               28.00
12/5/2004	7	              412.00	          6792619.00	              216.00	               52.00	           203547.00	               47.00
12/12/2004	7	              169.00	          1038470.00	              103.00	               38.00	           114447.00	               34.00
12/19/2004	7	              179.00	          2268369.00	              102.00	               30.00	            92172.00	               29.00
12/26/2004	7	              385.00	          6240702.00	              137.00	               33.00	           127812.00	               29.00
1/2/2005	7	              535.00	          8247441.00	              119.00	               52.00	           190182.00	               48.00
1/9/2005	7	              239.00	          4436970.00	              152.00	               44.00	           150087.00	               38.00
1/16/2005	7	               85.00	           736751.00	               76.00	               23.00	            96627.00	               23.00
1/23/2005	7	              315.00	          6294094.00	              266.00	               27.00	            87717.00	               26.00
1/30/2005	7	              410.00	          6475214.00	              181.00	               39.00	           136722.00	               38.00
2/6/2005	7	              240.00	          3535572.00	              124.00	               31.00	           114447.00	               26.00
2/13/2005	7	              217.00	          2782837.00	              138.00	               27.00	           101082.00	               25.00
2/20/2005	7	              257.00	          3080236.00	              150.00	               24.00	            87717.00	               24.00
2/27/2005	7	              308.00	          4615965.00	              203.00	               50.00	           199092.00	               41.00
3/6/2005	7	              157.00	           677449.00	              125.00	               23.00	            92172.00	               23.00
3/13/2005	7	              114.00	           465895.00	              100.00	               16.00	            69897.00	               16.00
3/20/2005	7	              260.00	          3273133.00	              114.00	               28.00	           101082.00	               24.00
3/27/2005	7	              161.00	          1155101.00	              121.00	               23.00	            92172.00	               22.00
4/3/2005	7	              239.00	          2813532.00	              132.00	               24.00	            87717.00	               24.00
4/10/2005	7	              224.00	          2062095.00	              135.00	               28.00	           114447.00	               25.00
4/17/2005	7	              261.00	          1743272.00	              187.00	               22.00	            74352.00	               19.00
4/24/2005	7	              234.00	          2468490.00	              218.00	               26.00	            83262.00	               26.00
5/1/2005	7	              175.00	          1009064.00	              127.00	               27.00	            96627.00	               25.00
5/8/2005	7	              192.00	          1823459.00	              114.00	               25.00	           105537.00	               23.00
5/15/2005	7	              197.00	          3182622.00	               91.00	               20.00	            83262.00	               20.00
5/22/2005	7	              136.00	           779565.00	              120.00	               20.00	            78807.00	               19.00
5/29/2005	7	              151.00	          1459084.00	               85.00	               19.00	            74352.00	               18.00
6/5/2005	7	              327.00	          4857973.00	              137.00	               37.00	           141177.00	               33.00
6/12/2005	7	              185.00	          1654039.00	              120.00	               36.00	           132267.00	               32.00
6/19/2005	7	              278.00	          4176920.00	              205.00	               27.00	           114447.00	               24.00
6/26/2005	7	              165.00	          2270047.00	              134.00	               28.00	           109992.00	               24.00
7/3/2005	7	              344.00	          6396542.00	              142.00	               47.00	           176817.00	               41.00
7/10/2005	7	              209.00	          3798370.00	              140.00	               40.00	           163452.00	               39.00
7/17/2005	7	              185.00	          3765963.00	              166.00	               29.00	           118902.00	               28.00
7/24/2005	7	              244.00	          5131272.00	              139.00	               25.00	           105537.00	               24.00
7/31/2005	7	              234.00	          4511156.00	              125.00	               29.00	            96627.00	               27.00
8/7/2005	7	              301.00	          4704216.00	              134.00	               40.00	           163452.00	               38.00
8/14/2005	7	              186.00	          3230711.00	              141.00	               33.00	           132267.00	               31.00
8/21/2005	7	              143.00	          2718132.00	               62.00	               27.00	           105537.00	               27.00
8/28/2005	7	              128.00	          2401590.00	               53.00	               23.00	           101082.00	               23.00
9/4/2005	7	              442.00	          8639355.00	              125.00	               52.00	           204079.00	               46.00
9/11/2005	7	              191.00	          2903482.00	               97.00	               27.00	           114447.00	               25.00
9/18/2005	7	               76.00	          1002977.00	               55.00	               24.00	           105537.00	               24.00
9/25/2005	7	              186.00	          2799896.00	              104.00	               31.00	           132267.00	               30.00
10/2/2005	7	              241.00	          2913665.00	              146.00	               51.00	           199092.00	               45.00
10/9/2005	7	              383.00	          8462616.00	               85.00	               35.00	           127812.00	               32.00
10/16/2005	7	              255.00	          4962317.00	               76.00	               39.00	           158997.00	               34.00
10/23/2005	7	              125.00	          1736192.00	               66.00	               23.00	            98010.00	               23.00
10/30/2005	7	              213.00	          3226212.00	               85.00	               34.00	           129195.00	               31.00
11/6/2005	7	              348.00	          6353548.00	              131.00	               48.00	           191565.00	               39.00
11/13/2005	7	              165.00	          2353670.00	               80.00	               48.00	           191565.00	               37.00
11/20/2005	7	               83.00	           718428.00	               62.00	               24.00	            93555.00	               24.00
11/27/2005	7	              100.00	          1516884.00	               59.00	               25.00	           106920.00	               22.00
12/4/2005	7	              399.00	          5251083.00	              115.00	               47.00	           178200.00	               40.00
12/11/2005	7	              221.00	          2925154.00	               87.00	               34.00	           133650.00	               30.00
12/18/2005	7	              327.00	          4970564.00	               93.00	               31.00	            98010.00	               25.00
12/25/2005	7	              272.00	          2802538.00	              101.00	               39.00	           124740.00	               32.00
1/1/2006	7	              784.00	          7782050.00	              233.00	              229.00	           314901.00	               64.00
1/8/2006	7	              359.00	          3715568.00	              135.00	               49.00	           244728.00	               46.00
1/15/2006	7	              248.00	          2554772.00	              107.00	               41.00	           150174.00	               34.00
1/22/2006	7	              276.00	          1999643.00	              116.00	               73.00	           134148.00	               28.00
1/29/2006	7	              289.00	          2335808.00	              113.00	               28.00	           147472.00	               28.00
2/5/2006	7	              387.00	          3269284.00	              172.00	               44.00	           215536.00	               38.00
2/12/2006	7	              320.00	          2678490.00	              129.00	               35.00	           153144.00	               33.00
2/19/2006	7	              385.00	          4898474.00	              119.00	               42.00	           170160.00	               28.00
2/26/2006	7	              362.00	          2961588.00	              191.00	               36.00	           147472.00	               31.00
3/5/2006	7	              347.00	          4622297.00	              121.00	               50.00	           232552.00	               43.00
3/12/2006	7	              355.00	          3206652.00	              136.00	               58.00	           266584.00	               47.00
3/19/2006	7	              397.00	          4777323.00	              189.00	               44.00	           187176.00	               37.00
3/26/2006	7	              226.00	          1523408.00	              163.00	               62.00	           306288.00	               61.00
4/2/2006	7	              262.00	          2768900.00	              143.00	               45.00	           177832.00	               40.00
4/9/2006	7	              457.00	          5617653.00	              168.00	               54.00	           198520.00	               45.00
4/16/2006	7	              302.00	          4149224.00	              157.00	               26.00	           124784.00	               24.00
4/23/2006	7	              196.00	          6015180.00	              128.00	               40.00	           181504.00	               36.00
4/30/2006	7	              342.00	          9385583.00	              120.00	               41.00	           175832.00	               34.00
5/7/2006	7	              294.00	          6377623.00	              121.00	               55.00	           221208.00	               50.00
5/14/2006	7	              118.00	          2255599.00	               70.00	               36.00	           119112.00	               34.00
5/21/2006	7	              165.00	          2815717.00	              107.00	               34.00	           136128.00	               32.00
5/28/2006	7	              231.00	          5560900.00	              134.00	               38.00	           170160.00	               36.00
6/4/2006	7	              273.00	          7142324.00	              108.00	               54.00	           260912.00	               52.00
6/11/2006	7	              346.00	         12025399.00	               90.00	               33.00	           158816.00	               30.00
6/18/2006	7	              210.00	          5602818.00	               77.00	               20.00	           102096.00	               18.00
6/25/2006	7	              213.00	          4422232.00	               70.00	               27.00	           102096.00	               22.00
7/2/2006	7	              425.00	         10426765.00	              114.00	               45.00	           204192.00	               40.00
7/9/2006	7	              130.00	          2033845.00	               91.00	               23.00	            96424.00	               22.00
7/16/2006	7	              229.00	          4486318.00	               76.00	               42.00	           198520.00	               36.00
7/23/2006	7	              133.00	          2227636.00	               44.00	               24.00	            73736.00	               22.00
7/30/2006	7	               59.00	          1425001.00	               43.00	               21.00	            73736.00	               18.00
8/6/2006	7	              164.00	          6200142.00	               64.00	               28.00	           119112.00	               24.00
8/13/2006	7	              132.00	          3682735.00	               70.00	               42.00	           192848.00	               37.00
8/20/2006	7	              278.00	          6999720.00	              117.00	               41.00	           147472.00	               34.00
8/27/2006	7	              316.00	          6365565.00	              142.00	               27.00	            96424.00	               22.00
9/3/2006	7	              609.00	         19905212.00	               90.00	               48.00	           187176.00	               39.00
9/10/2006	7	              586.00	         13977887.00	              143.00	               94.00	           340320.00	               77.00
9/17/2006	7	              404.00	          7385110.00	              139.00	               79.00	           260912.00	               72.00
9/24/2006	7	              280.00	          3942551.00	              127.00	               48.00	           164488.00	               44.00
10/1/2006	7	              328.00	          7937646.00	              118.00	               43.00	           170160.00	               38.00
10/8/2006	7	              209.00	          3762415.00	               81.00	               43.00	           192848.00	               39.00
10/15/2006	7	              146.00	          1938172.00	               70.00	               42.00	           158816.00	               37.00
10/22/2006	7	              244.00	          4398725.00	               64.00	               32.00	            96424.00	               26.00
10/29/2006	7	              294.00	          4467659.00	               92.00	               50.00	           175832.00	               46.00
11/5/2006	7	              327.00	          4735208.00	               94.00	               47.00	           164488.00	               39.00
11/12/2006	7	              151.00	          2351009.00	               75.00	               42.00	           164488.00	               37.00
11/19/2006	7	              157.00	          2776323.00	               66.00	               35.00	           153144.00	               34.00
11/26/2006	7	               81.00	          1024078.00	               47.00	               31.00	           107768.00	               29.00
12/3/2006	7	              105.00	           804505.00	               72.00	               41.00	           119112.00	               40.00
12/10/2006	7	              400.00	          7721002.00	              144.00	               55.00	           215536.00	               52.00
12/17/2006	7	              201.00	          2716398.00	               88.00	               44.00	           164488.00	               42.00
12/24/2006	7	              167.00	          2620259.00	               74.00	               37.00	           136128.00	               33.00
12/31/2006	7	              156.00	          2005103.00	              104.00	               40.00	           164488.00	               37.00
1/7/2007	7	               88.00	          1199864.00	               42.00	               29.00	           124784.00	               28.00
1/14/2007	7	              108.00	          1486864.00	               55.00	               37.00	           181504.00	               35.00
1/21/2007	7	              163.00	          1271197.00	              135.00	               32.00	           147472.00	               31.00
1/28/2007	7	              326.00	          5124259.00	              174.00	               29.00	           141800.00	               29.00
2/4/2007	7	              171.00	          2982643.00	               83.00	               32.00	           153144.00	               30.00
2/11/2007	7	               78.00	          1235282.00	               47.00	               21.00	            96424.00	               20.00
2/18/2007	7	               57.00	           631064.00	               50.00	               15.00	            73736.00	               15.00
2/25/2007	7	               91.00	          1221178.00	               47.00	               28.00	           147472.00	               24.00
3/4/2007	7	              183.00	          3248562.00	               90.00	               25.00	           124784.00	               24.00
3/11/2007	7	              291.00	          5290155.00	              133.00	               46.00	           232552.00	               42.00
3/18/2007	7	              189.00	          2110434.00	              177.00	               26.00	           136128.00	               24.00
3/25/2007	7	              125.00	          2278810.00	               86.00	               36.00	           181504.00	               22.00
4/1/2007	7	              159.00	          3196431.00	               91.00	               23.00	           113440.00	               23.00
4/8/2007	7	              174.00	          2446059.00	               56.00	               56.00	           289272.00	               31.00
4/15/2007	7	               93.00	          1323862.00	               76.00	               27.00	           113440.00	               26.00
4/22/2007	7	              169.00	          2965091.00	              159.00	               22.00	            90752.00	               22.00
4/29/2007	7	              204.00	          3410191.00	              195.00	               23.00	            96424.00	               23.00
5/6/2007	7	              224.00	          4529983.00	               96.00	               33.00	           141800.00	               28.00
5/13/2007	7	              203.00	          2962769.00	               71.00	               36.00	           158816.00	               30.00
5/20/2007	7	              355.00	          6774478.00	              146.00	               34.00	           153144.00	               32.00
5/27/2007	7	              187.00	          2045216.00	              119.00	               23.00	            85080.00	               22.00
6/3/2007	7	              283.00	          5536238.00	              145.00	               30.00	           141800.00	               27.00
6/10/2007	7	              342.00	          5598694.00	              158.00	               81.00	           436744.00	               77.00
6/17/2007	7	              243.00	          2837888.00	              186.00	               98.00	           533168.00	               97.00
6/24/2007	7	              187.00	          1728002.00	              176.00	              100.00	           504808.00	              100.00
7/1/2007	7	              410.00	          6561660.00	              203.00	               67.00	           306288.00	               65.00
7/8/2007	7	              283.00	          4602274.00	              103.00	               43.00	           130456.00	               35.00
7/15/2007	7	              296.00	          5850276.00	              145.00	               40.00	           119112.00	               37.00
7/22/2007	7	              143.00	          1985210.00	              113.00	               34.00	           102096.00	               31.00
7/29/2007	7	              255.00	          3932972.00	               79.00	               40.00	           130456.00	               40.00
8/5/2007	7	              198.00	          2328660.00	               87.00	               35.00	           147472.00	               35.00
8/12/2007	7	              242.00	          3536372.00	              142.00	               34.00	           141800.00	               28.00
8/19/2007	7	               88.00	          1145995.00	               65.00	               19.00	            73736.00	               18.00
8/26/2007	7	              189.00	          3282060.00	               66.00	               25.00	           107768.00	               24.00
9/2/2007	7	              145.00	          1238505.00	               99.00	               32.00	           136128.00	               26.00
9/9/2007	7	              215.00	          3205154.00	              100.00	               45.00	           221208.00	               44.00
9/16/2007	7	              141.00	          2246542.00	               78.00	               29.00	           136128.00	               28.00
9/23/2007	7	              122.00	          2241374.00	               86.00	               14.00	            56720.00	               13.00
9/30/2007	7	              292.00	          5123641.00	              117.00	               17.00	            90752.00	               14.00
10/7/2007	7	              201.00	          3314849.00	               89.00	               34.00	           153144.00	               27.00
10/14/2007	7	              103.00	          1631638.00	               33.00	               19.00	           102096.00	               17.00
10/21/2007	7	               18.00	           164218.00	               12.00	                5.00	            28360.00	                5.00
10/28/2007	7	              106.00	          1678540.00	               41.00	               20.00	           102096.00	               19.00
11/4/2007	7	              164.00	          2084080.00	              100.00	               24.00	           130456.00	               21.00
11/11/2007	7	              144.00	          2262869.00	               76.00	               19.00	            90752.00	               17.00
11/18/2007	7	              309.00	          7452954.00	              138.00	               31.00	           153144.00	               29.00
11/25/2007	7	              103.00	          1849742.00	               56.00	               16.00	            85080.00	               16.00
12/2/2007	7	              108.00	          1438301.00	               52.00	               16.00	            85080.00	               16.00
12/9/2007	7	              198.00	          2823528.00	              111.00	               30.00	           147472.00	               23.00
12/16/2007	7	              407.00	          8331563.00	              132.00	               21.00	           113440.00	               19.00
12/23/2007	7	              258.00	          5548506.00	              185.00	               20.00	           113440.00	               20.00
12/30/2007	7	              183.00	          2283963.00	              100.00	               37.00	           187176.00	               33.00
1/6/2008	7	              302.00	          5313880.00	              109.00	               52.00	           283600.00	               44.00
1/13/2008	7	              561.00	         12884868.00	              128.00	               24.00	           124784.00	               20.00
1/20/2008	7	              169.00	          2998077.00	              130.00	               31.00	           158816.00	               31.00
1/27/2008	7	              127.00	          2316428.00	               85.00	               22.00	           102096.00	               22.00
2/3/2008	7	              548.00	          9767908.00	              132.00	               78.00	           397040.00	               61.00
2/10/2008	7	              248.00	          3821151.00	               97.00	               29.00	           158816.00	               23.00
2/17/2008	7	              166.00	          2841580.00	              108.00	               27.00	           147472.00	               24.00
2/24/2008	7	              253.00	          4941592.00	              102.00	               31.00	           158816.00	               24.00
3/2/2008	7	              353.00	          5832410.00	              106.00	               40.00	           221208.00	               33.00
3/9/2008	7	              283.00	          4670205.00	              111.00	               44.00	           238224.00	               35.00
3/16/2008	7	              380.00	          6948988.00	              114.00	               43.00	           232552.00	               22.00
3/23/2008	7	              378.00	          4823438.00	               97.00	              100.00	           521824.00	               29.00
3/30/2008	7	              339.00	          4819435.00	              127.00	              106.00	           578544.00	               25.00
4/6/2008	7	              226.00	          4564708.00	              112.00	               29.00	           136128.00	               22.00
4/13/2008	7	              201.00	          3496019.00	               56.00	               37.00	           192848.00	               20.00
4/20/2008	7	              240.00	          3676182.00	               97.00	               27.00	           141800.00	               20.00
4/27/2008	7	              189.00	          2727681.00	              100.00	               41.00	           221208.00	               22.00
5/4/2008	7	              148.00	          1906670.00	               89.00	               42.00	           204192.00	               23.00
5/11/2008	7	              304.00	          4811039.00	              120.00	               39.00	           187176.00	               31.00
5/18/2008	7	              316.00	          5486607.00	              119.00	               42.00	           204192.00	               39.00
5/25/2008	7	              253.00	          5010231.00	              148.00	               33.00	           181504.00	               22.00
6/1/2008	7	              435.00	          6361548.00	              139.00	              140.00	           760048.00	               29.00
6/8/2008	7	              350.00	          6740140.00	              111.00	               39.00	           198520.00	               31.00
6/15/2008	7	              185.00	          2357406.00	              109.00	               49.00	           243896.00	               32.00
6/22/2008	7	              182.00	          2249904.00	              127.00	               36.00	           198520.00	               33.00
6/29/2008	7	              215.00	          3732155.00	              108.00	               32.00	           164488.00	               29.00
7/6/2008	7	              103.00	          1413121.00	               75.00	               26.00	           141800.00	               23.00
7/13/2008	7	              182.00	          2512999.00	               89.00	               41.00	           221208.00	               37.00
7/20/2008	7	              319.00	          6316380.00	              104.00	               36.00	           192848.00	               30.00
7/27/2008	7	              127.00	          1537253.00	               89.00	               33.00	           170160.00	               30.00
8/3/2008	7	              192.00	          2035842.00	               96.00	               44.00	           243896.00	               35.00
8/10/2008	7	              215.00	          3942561.00	               60.00	               28.00	           153144.00	               23.00
8/17/2008	7	              181.00	          2510059.00	               71.00	               48.00	           266584.00	               31.00
8/24/2008	7	              133.00	          2297415.00	               47.00	               30.00	           164488.00	               27.00
8/31/2008	7	               91.00	          1120895.00	               58.00	               35.00	           187176.00	               24.00
9/7/2008	7	              282.00	          5311387.00	               69.00	               48.00	           232552.00	               38.00
9/14/2008	7	              204.00	          3542832.00	              142.00	               40.00	           204192.00	               34.00
9/21/2008	7	              172.00	          2486443.00	              122.00	               37.00	           198520.00	               33.00
9/28/2008	7	              163.00	          2367728.00	              103.00	               29.00	           153144.00	               26.00
10/5/2008	7	              126.00	          1750081.00	               82.00	               33.00	           164488.00	               29.00
10/12/2008	7	              283.00	          4188506.00	              138.00	               54.00	           272256.00	               49.00
10/19/2008	7	              224.00	          4169450.00	              102.00	               32.00	           175832.00	               28.00
10/26/2008	7	              288.00	          6173319.00	               85.00	               31.00	           170160.00	               24.00
11/2/2008	7	              113.00	          1069327.00	               82.00	               40.00	           204192.00	               33.00
11/9/2008	7	              162.00	          1946934.00	               84.00	               49.00	           265474.00	               43.00
11/16/2008	7	              165.00	          2470328.00	               65.00	               33.00	           181504.00	               29.00
11/23/2008	7	              220.00	          3243354.00	               65.00	               47.00	           243896.00	               38.00
11/30/2008	7	              245.00	          4217916.00	               84.00	               42.00	           209864.00	               38.00
12/7/2008	7	              194.00	          3184482.00	               76.00	               30.00	           164488.00	               28.00
12/14/2008	7	              239.00	          3635378.00	              127.00	               40.00	           198520.00	               34.00
12/21/2008	7	              132.00	          1667666.00	               77.00	               34.00	           187176.00	               33.00
12/28/2008	7	              176.00	          2742412.00	               84.00	               42.00	           232552.00	               39.00
1/4/2009	7	              105.00	           613210.00	               91.00	               40.00	           187176.00	               38.00
1/11/2009	7	              259.00	          3917171.00	              114.00	               49.00	           259802.00	               39.00
1/18/2009	7	              184.00	          2643314.00	               98.00	               45.00	           238224.00	               43.00
1/25/2009	7	              318.00	          5905745.00	               96.00	               45.00	           243896.00	               40.00
2/1/2009	7	              109.00	           658467.00	               84.00	               34.00	           181504.00	               32.00
2/8/2009	7	              183.00	          2524923.00	               97.00	               43.00	           238224.00	               38.00
2/15/2009	7	              115.00	          1629500.00	               61.00	               27.00	           147472.00	               25.00
2/22/2009	7	              199.00	          2091415.00	              130.00	               33.00	           175832.00	               30.00
3/1/2009	7	              186.00	          2463062.00	              130.00	               36.00	           181504.00	               35.00
3/8/2009	7	              282.00	          4406273.00	              121.00	               44.00	           238224.00	               40.00
3/15/2009	7	              271.00	          3714957.00	              101.00	               35.00	           187176.00	               33.00
3/22/2009	7	              223.00	          3297333.00	               95.00	               29.00	           158816.00	               28.00
3/29/2009	7	              148.00	          2005774.00	               81.00	               38.00	           192848.00	               35.00
4/5/2009	7	              125.00	          1883674.00	               81.00	               32.00	           170160.00	               29.00
4/12/2009	7	              314.00	          5789361.00	               92.00	               52.00	           289272.00	               46.00
4/19/2009	7	              241.00	          4558525.00	               84.00	               33.00	           181504.00	               32.00
4/26/2009	7	              245.00	          4121093.00	              111.00	               42.00	           215536.00	               41.00
5/3/2009	7	              231.00	          4245609.00	              110.00	               42.00	           221208.00	               39.00
5/10/2009	7	              235.00	          4073387.00	              108.00	               47.00	           249568.00	               42.00
5/17/2009	7	              124.00	          1387282.00	              107.00	               31.00	           164488.00	               31.00
5/24/2009	7	              188.00	          3627297.00	               60.00	               30.00	           153144.00	               26.00
5/31/2009	7	              291.00	          5762184.00	              101.00	               47.00	           243896.00	               44.00
6/7/2009	7	              628.00	         12928167.00	              118.00	               70.00	           334648.00	               63.00
6/14/2009	7	              266.00	          5255954.00	              137.00	               40.00	           215536.00	               38.00
6/21/2009	7	              183.00	          2097734.00	               84.00	               28.00	           141800.00	               27.00
6/28/2009	7	              321.00	          6860133.00	               56.00	               42.00	           226880.00	               33.00
7/5/2009	7	              129.00	          2113753.00	               81.00	               38.00	           209864.00	               37.00
7/12/2009	7	              147.00	          2526478.00	               84.00	               35.00	           170160.00	               33.00
7/19/2009	7	              163.00	          1728392.00	              125.00	               36.00	           192848.00	               36.00
7/26/2009	7	              209.00	          3334554.00	               97.00	               39.00	           198520.00	               37.00
8/2/2009	7	              282.00	          2323075.00	              119.00	               50.00	           260912.00	               45.00
8/9/2009	7	              180.00	          2607359.00	               82.00	               38.00	           198520.00	               37.00
8/16/2009	7	              166.00	          1954738.00	              118.00	               34.00	           158816.00	               33.00
8/23/2009	7	              233.00	          3510568.00	              119.00	               41.00	           221208.00	               40.00
8/30/2009	7	              206.00	          2352260.00	              138.00	               38.00	           175832.00	               35.00
9/6/2009	7	              340.00	          5387071.00	              141.00	               45.00	           249568.00	               43.00
9/13/2009	7	              179.00	          2145386.00	              111.00	               46.00	           209864.00	               41.00
9/20/2009	7	              194.00	          1656972.00	              132.00	               39.00	           198520.00	               35.00
9/27/2009	7	              365.00	          7034633.00	              109.00	               42.00	           226880.00	               35.00
10/4/2009	7	              410.00	          6670312.00	              147.00	               59.00	           283600.00	               55.00
10/11/2009	7	              241.00	          3715174.00	              116.00	               37.00	           204192.00	               35.00
10/18/2009	7	              203.00	          3224202.00	              100.00	               37.00	           192848.00	               36.00
10/25/2009	7	              149.00	          1400478.00	              122.00	               39.00	           198520.00	               36.00
11/1/2009	7	              181.00	          2623636.00	               87.00	               31.00	           158816.00	               29.00
11/8/2009	7	              265.00	          3287376.00	              116.00	               56.00	           232552.00	               39.00
11/15/2009	7	              271.00	          2510568.00	              130.00	              114.00	           170160.00	               38.00
11/22/2009	7	              152.00	          1800452.00	               89.00	               23.00	           119112.00	               23.00
11/29/2009	7	              268.00	          3257400.00	              120.00	               31.00	           147472.00	               28.00
12/6/2009	7	              153.00	          1640593.00	              116.00	               35.00	           187176.00	               34.00
12/13/2009	7	              174.00	          2476847.00	              105.00	               26.00	           141800.00	               25.00
12/20/2009	7	              226.00	          2578239.00	              138.00	               42.00	           204192.00	               37.00
12/27/2009	7	              277.00	          3931777.00	              129.00	               56.00	           294944.00	               39.00
1/3/2010	7	              271.00	          4167069.00	              137.00	               49.00	           260912.00	               44.00
1/10/2010	7	              158.00	          2207942.00	               92.00	               36.00	           187176.00	               31.00
1/17/2010	7	              245.00	          3989853.00	               99.00	               46.00	           175832.00	               30.00
1/24/2010	7	              172.00	          2302144.00	              139.00	               30.00	           158816.00	               30.00
1/31/2010	7	              115.00	          1178846.00	               84.00	               33.00	           153144.00	               32.00
2/7/2010	7	              155.00	          2055982.00	              106.00	               35.00	           181504.00	               31.00
2/14/2010	7	              279.00	          4915264.00	              101.00	               41.00	           204192.00	               38.00
2/21/2010	7	              137.00	          1311239.00	               98.00	               34.00	           164488.00	               32.00
2/28/2010	7	              122.00	           856349.00	              101.00	               42.00	           209864.00	               39.00
3/7/2010	7	              104.00	           709214.00	               83.00	               30.00	           158816.00	               29.00
3/14/2010	7	              246.00	          4170105.00	               89.00	               43.00	           209864.00	               39.00
3/21/2010	7	              136.00	          1186781.00	               98.00	               33.00	           170160.00	               33.00
3/28/2010	7	               93.00	           639940.00	               71.00	               33.00	           164488.00	               33.00
4/4/2010	7	               98.00	          1067437.00	               55.00	               29.00	           153144.00	               27.00
4/11/2010	7	              132.00	          1125689.00	               79.00	               33.00	           187176.00	               28.00
4/18/2010	7	              166.00	          2236240.00	               78.00	               35.00	           175832.00	               33.00
4/25/2010	7	              118.00	           931648.00	               91.00	               47.00	           260912.00	               45.00
5/2/2010	7	              214.00	          3411251.00	               82.00	               48.00	           260912.00	               45.00
5/9/2010	7	              142.00	          1768394.00	               91.00	               53.00	           289272.00	               41.00
5/16/2010	7	              177.00	          2429542.00	              110.00	               31.00	           170160.00	               31.00
5/23/2010	7	              334.00	          7281578.00	              130.00	               46.00	           238224.00	               43.00
5/30/2010	7	              330.00	          7033421.00	              172.00	               41.00	           209864.00	               39.00
6/6/2010	7	              110.00	          1253217.00	               75.00	               36.00	           198520.00	               33.00
6/13/2010	7	              177.00	          2869200.00	               87.00	               41.00	           221208.00	               41.00
6/20/2010	7	              143.00	          1965462.00	              105.00	               38.00	           192848.00	               36.00
6/27/2010	7	              188.00	          2862057.00	              124.00	               37.00	           181504.00	               36.00
7/4/2010	7	              406.00	          8610580.00	              129.00	               39.00	           221208.00	               35.00
7/11/2010	7	              376.00	          8329399.00	              102.00	               44.00	           238224.00	               39.00
7/18/2010	7	              172.00	          2611661.00	               63.00	               54.00	           277928.00	               35.00
7/25/2010	7	               76.00	           751074.00	               59.00	               35.00	           181504.00	               32.00
8/1/2010	7	              149.00	          2268020.00	               85.00	               40.00	           198520.00	               39.00
8/8/2010	7	              155.00	          2112921.00	              112.00	               42.00	           204192.00	               41.00
8/15/2010	7	              175.00	          1736187.00	               90.00	               39.00	           158816.00	               38.00
8/22/2010	7	              124.00	           958814.00	              110.00	               44.00	           181504.00	               44.00
